53686
225194
233019
248787
223794
229523
59621
227083
282947
70496
272515
229876
278882
225643
298187
282001
235279
256717
242818
69162
271384
250398
239197
257814
267602
283377
278385
250832
250419
250277
299540
288885
278494
244451
257356
240633
223094
238222
32274
254317
310812
292952
240630
257818
243298
269024
223896
228722
74924
268560
268566
268567
290145
311546
263624
220954
235442
243478
60089
253211
277064
264925
296057
226254
235440
254334
223008
370697
224663
306770
248425
285612
258205
237701
270789
289115
285742
252239
278141
348025
264353
323527
74072
244201
227443
69163
222880
291786
250957
254794
233565
247921
285612
226406
226447
247111
245211
225603
225605
225608
244049